testdata.txt
ncols         259
nrows         215
xllcorner     119.17309570312
yllcorner     -3.4359215803324
cellsize      7.4985002999423e-05
NODATA_value  -9999
[rows 84 to 111 of 215, columns 189 to 251 of 259]
7.182193 7.240241 6.888257 6.201368 6.030018 6.177618 6.424269 6.686265 7.026272 7.311156 7.452175 7.398955 6.956609 6.254142 5.724437 5.688602 5.919653 6.118939 6.155128 6.129517 6.070263 5.956055 5.771143 5.583521 5.524328 5.604781 5.764523 5.92598 6.031022 6.063105 6.08236 6.148784 6.216339 6.232827 6.22225 6.223794 6.204955 6.188765 6.153127 6.096286 6.056573 6.077464 6.108968 6.094689 6.069172 6.097206 6.143169 6.164609 6.188954 6.205253 6.203464 6.192498 6.179756 6.162491 6.143134 6.136078 6.153425 6.169056 6.143912 6.113509 6.126207 6.150111 6.13225
7.22346 6.961542 6.384294 5.828221 5.758975 6.073082 6.61059 7.175109 7.943662 8.594241 8.998981 9.069724 8.339115 6.996162 5.877917 5.647201 5.902423 6.165906 6.150295 6.102962 6.100667 6.090573 5.95498 5.701933 5.48785 5.432926 5.560512 5.78861 5.972903 6.041173 6.046752 6.072491 6.102197 6.116199 6.140076 6.185535 6.192026 6.169879 6.132827 6.084085 6.011957 6.023916 6.07663 6.080999 6.072742 6.102218 6.14086 6.150084 6.171688 6.182273 6.166661 6.147721 6.127678 6.113898 6.113647 6.128261 6.147004 6.153232 6.130087 6.095991 6.08634 6.089377 6.090464
6.8828 6.409761 5.840061 5.457176 5.54635 6.006361 6.798413 7.46495 8.510517 9.292207 9.683034 9.75897 8.881988 7.265907 5.886015 5.555017 5.796603 6.139513 6.034169 5.970625 5.997326 6.043262 6.004397 5.850566 5.66253 5.523031 5.501048 5.600692 5.734874 5.833704 5.898589 5.957984 5.998598 6.020938 6.053006 6.104287 6.125916 6.111628 6.092908 6.095472 6.013559 6.018079 6.067794 6.07974 6.079666 6.092597 6.108085 6.10302 6.109735 6.108285 6.08825 6.089798 6.074462 6.061229 6.067886 6.09187 6.108444 6.113993 6.100179 6.073081 6.053358 6.039649 6.044863
6.621277 6.212776 5.792112 5.519355 5.680068 6.095376 6.707033 7.511045 8.638515 9.280841 9.423624 9.447656 8.605148 7.112233 5.767785 5.400403 5.509009 5.69236 5.704018 5.739005 5.82048 5.902035 5.939769 5.928652 5.898001 5.825305 5.727114 5.635376 5.575523 5.574518 5.640871 5.751001 5.853425 5.918615 5.964424 6.014071 6.042092 6.030482 6.01093 6.017054 6.006695 6.03705 6.07947 6.088947 6.091623 6.082295 6.082365 6.079414 6.072468 6.05061 6.031178 6.040382 6.03902 6.036103 6.046729 6.071734 6.077394 6.081564 6.073357 6.053988 6.041243 6.025303 6.021563
7.156092 6.911712 6.578088 6.280491 6.360574 6.700359 7.176536 7.890581 8.81871 9.099443 8.877199 9.050109 8.512974 7.338507 5.911595 5.361766 5.285963 5.3593 5.437261 5.553185 5.681393 5.793698 5.876085 5.935135 6.021609 6.091838 6.094813 5.963401 5.730649 5.518659 5.425278 5.468698 5.588193 5.712451 5.823456 5.923059 5.974502 5.974349 5.967825 5.99239 6.020452 6.061597 6.094226 6.097987 6.093052 6.086374 6.093556 6.104239 6.089098 6.034304 5.987906 5.999164 6.030917 6.056468 6.066871 6.066214 6.05968 6.052539 6.039994 6.029631 6.039208 6.041171 6.0326
8.411568 8.125517 7.779651 7.457926 7.274301 7.526122 8.028316 8.735893 9.470554 9.379679 8.720098 9.435088 9.455532 8.369915 6.739609 5.694929 5.295836 5.285074 5.425714 5.597865 5.721974 5.814665 5.896528 5.934302 6.016356 6.148426 6.265446 6.257723 6.074518 5.781351 5.496927 5.327321 5.309601 5.418914 5.608954 5.807427 5.919538 5.957119 5.980414 6.020352 6.044061 6.069988 6.086487 6.085047 6.077128 6.080963 6.107254 6.134081 6.125437 6.051955 5.97963 5.989865 6.061666 6.120135 6.126111 6.091893 6.048163 6.007716 5.979086 5.977801 6.015547 6.053645 6.063247
9.265249 8.841913 8.530064 8.182587 8.006906 8.329692 9.06044 9.922211 10.62239 10.62739 10.40702 11.0427 11.4164 10.51016 8.585184 6.832017 5.916731 5.72387 5.898987 6.142838 6.218521 6.157582 6.095084 5.976156 5.96975 6.075912 6.224523 6.306716 6.253969 6.07326 5.815522 5.558018 5.367657 5.316914 5.42846 5.634814 5.799137 5.902518 5.976667 6.029949 6.028626 6.034995 6.031808 6.015798 6.001335 6.019222 6.073913 6.113414 6.119534 6.051892 5.981924 5.993582 6.08517 6.163726 6.171474 6.11862 6.047696 5.987613 5.950204 5.946577 5.992875 6.05495 6.08358
9.252693 8.86121 8.756295 8.600401 8.476038 8.996462 10.13544 11.28864 12.03129 12.17204 12.17473 12.67696 13.21128 12.6482 10.86197 8.81621 7.497043 6.943844 6.885262 7.088678 7.083907 6.759993 6.341604 6.054591 5.967416 6.031405 6.151146 6.228517 6.236986 6.191625 6.091025 5.948556 5.741064 5.553095 5.479339 5.539172 5.645412 5.762991 5.881962 5.975531 5.996622 5.984633 5.952337 5.910919 5.89302 5.931654 6.021079 6.048657 6.052412 5.993281 5.954043 5.975567 6.06468 6.146354 6.159137 6.103509 6.034772 5.992825 5.975881 5.975927 6.012381 6.062341 6.094022
8.65177 8.478695 8.519814 8.458363 8.444092 9.285643 10.91081 12.39897 13.2457 13.46881 13.44912 13.63966 14.05471 13.83191 12.64253 11.01861 9.72924 8.747736 8.047064 7.945709 7.833672 7.348567 6.669246 6.209989 6.056051 6.095309 6.191935 6.222686 6.201095 6.166354 6.130797 6.159558 6.098324 5.943477 5.768476 5.661606 5.624276 5.648149 5.72681 5.833868 5.908138 5.926608 5.889627 5.831183 5.811174 5.849189 5.917759 5.950191 5.950644 5.914903 5.898238 5.936109 6.013445 6.082626 6.091752 6.03833 5.991731 5.98932 6.011561 6.035188 6.06799 6.095153 6.103351
7.996783 8.009168 7.968841 7.81179 7.964729 9.091877 11.01528 12.62374 13.5424 13.86669 13.87873 13.92124 14.18457 14.07755 13.37324 12.4188 11.55495 10.38459 9.040752 8.193305 7.846231 7.408264 6.780563 6.320674 6.17178 6.215103 6.321244 6.306269 6.255 6.188707 6.145793 6.15446 6.156404 6.099063 6.001266 5.940702 5.879273 5.784552 5.692246 5.676757 5.756626 5.84333 5.8649 5.828302 5.803091 5.815699 5.847269 5.857948 5.842325 5.820447 5.840627 5.916643 5.985913 6.026987 6.014806 5.963265 5.935681 5.953314 5.990077 6.034701 6.071947 6.085316 6.073306
7.599232 7.795008 7.799365 7.74157 8.149715 9.304887 11.12435 12.36304 13.03875 13.40141 13.64598 13.87705 14.07797 13.85331 13.29932 12.82966 12.37117 11.15209 9.284614 7.736883 7.089601 6.79975 6.493635 6.269621 6.231487 6.285217 6.34785 6.357244 6.325788 6.255622 6.190596 6.098664 6.047665 6.012671 6.013924 6.091381 6.167977 6.11639 5.919384 5.703724 5.64344 5.718509 5.819375 5.861759 5.854217 5.837543 5.825702 5.802082 5.768019 5.759905 5.822018 5.944093 6.002809 6.006082 5.954255 5.895882 5.880522 5.909996 5.954259 5.992923 6.016345 6.013911 5.999452
7.353124 7.710288 8.004889 8.3542 9.118204 10.28649 11.42853 11.88652 12.05303 12.34347 12.82541 13.28993 13.4868 13.20309 12.76401 12.59627 12.38197 11.21868 9.132504 7.15917 6.215803 6.031657 6.077167 6.145832 6.232634 6.300024 6.34151 6.36143 6.339704 6.284566 6.260449 6.047089 5.900158 5.807596 5.810568 5.957801 6.167967 6.27064 6.158481 5.889333 5.684133 5.652959 5.758278 5.874825 5.908012 5.885921 5.847766 5.794866 5.746584 5.747578 5.830462 5.961514 6.029831 6.017543 5.944546 5.87102 5.861096 5.89727 5.940408 5.966001 5.964139 5.933412 5.907989
7.118421 7.448566 8.014521 8.768962 9.694216 10.62544 11.14019 10.9755 10.724 10.9056 11.4406 11.90316 12.08445 11.97743 11.86424 11.97042 11.94933 10.98322 8.991858 6.872016 5.781926 5.626904 5.869135 6.10335 6.214503 6.259271 6.294827 6.326035 6.254706 6.129416 6.01375 5.865283 5.72488 5.598543 5.553469 5.656891 5.861281 6.060491 6.135203 6.034956 5.865871 5.740618 5.742586 5.838223 5.898188 5.906577 5.880045 5.827575 5.774581 5.773585 5.850499 5.962105 6.020971 6.009955 5.947776 5.88598 5.88469 5.918408 5.952003 5.967615 5.951056 5.890972 5.835203
7.12783 7.056994 7.512676 8.344618 9.166992 9.774017 9.913919 9.557329 9.179386 9.29459 9.759005 10.09822 10.25008 10.36337 10.58324 10.93469 11.1978 10.61566 8.959663 6.932755 5.791563 5.591377 5.886104 6.19089 6.213274 6.189879 6.229644 6.319157 6.190372 6.007306 5.836662 5.706643 5.585873 5.4675 5.410964 5.47198 5.61117 5.787354 5.939195 6.001306 6.026883 5.933097 5.816372 5.775199 5.798028 5.852794 5.890839 5.876207 5.829283 5.809903 5.851575 5.90855 5.92944 5.927135 5.908957 5.891396 5.90071 5.916436 5.928475 5.93853 5.930515 5.866345 5.793034
7.911997 7.191403 7.169523 7.785967 8.440348 8.863232 8.883649 8.600962 8.184958 8.1371 8.420807 8.667599 8.839633 9.094251 9.483548 9.989897 10.64692 10.51082 9.18439 7.243058 6.020768 5.660527 5.917066 6.314256 6.172117 6.072525 6.12918 6.296408 6.363027 6.274548 6.087495 5.893825 5.728109 5.585387 5.507167 5.53065 5.608085 5.729203 5.876094 6.012579 6.111713 6.079715 5.933177 5.768709 5.682821 5.718821 5.819297 5.882824 5.866706 5.826921 5.833904 5.841286 5.833273 5.841473 5.84779 5.850692 5.863916 5.877238 5.887757 5.8939 5.889066 5.836819 5.785638
9.201428 7.868462 7.193702 7.375055 7.885271 8.366983 8.566441 8.391972 7.93506 7.676505 7.74707 7.948831 8.148972 8.453699 8.827351 9.239811 10.26018 10.48318 9.458576 7.658143 6.365314 5.675125 5.690007 5.905108 5.884753 5.873876 6.079459 6.522644 6.99005 7.170119 7.061307 6.786065 6.468504 6.136147 5.873158 5.757714 5.741099 5.816259 5.941459 6.060685 6.130836 6.134459 6.044537 5.86611 5.671422 5.601783 5.686843 5.827176 5.878875 5.850895 5.812917 5.789092 5.779558 5.792831 5.806655 5.809201 5.820622 5.844663 5.872521 5.882236 5.850407 5.803745 5.798233
10.37311 8.754083 7.507596 7.09021 7.370126 7.959054 8.404988 8.417347 8.053047 7.740513 7.698707 7.888605 8.022291 8.326092 8.704682 9.163205 9.911346 10.17698 9.477445 7.989133 6.58286 5.699427 5.469205 5.543868 5.578515 5.659119 6.06115 6.853765 7.85653 8.404974 8.46347 8.224667 7.761806 7.109589 6.453358 6.020778 5.804358 5.842989 6.008113 6.15886 6.160672 6.140394 6.105111 6.004426 5.782584 5.598927 5.583265 5.734245 5.857985 5.856459 5.787588 5.752365 5.76124 5.783004 5.798868 5.811688 5.822615 5.843781 5.870986 5.872093 5.812832 5.763087 5.780693
11.14253 9.731158 8.229377 7.1785 7.020241 7.497821 8.045033 8.244394 8.135453 7.997979 7.970089 8.031783 8.130113 8.345271 8.580967 8.823179 9.223141 9.471632 9.208206 8.317575 7.107436 6.078085 5.536945 5.396885 5.391353 5.490742 6.057841 7.210992 8.509293 9.286078 9.506057 9.43166 9.032134 8.204257 7.137563 6.276448 5.709423 5.700622 5.966351 6.247691 6.178443 6.102114 6.053374 5.998927 5.877811 5.70477 5.59774 5.663598 5.813965 5.850757 5.773936 5.723206 5.727665 5.743817 5.769093 5.816648 5.837979 5.837421 5.834126 5.821231 5.765268 5.723236 5.740284
11.74128 10.80555 9.388717 7.93769 7.296061 7.427179 7.820016 8.047007 8.126692 8.185328 8.268211 8.327527 8.318299 8.354725 8.378605 8.380554 8.483845 8.672325 8.746124 8.45944 7.742486 6.868366 6.123561 5.65853 5.517718 5.501146 6.100838 7.361333 8.73555 9.571531 9.878954 9.959776 9.771908 9.069303 7.803423 6.364852 5.511198 5.407725 5.689055 5.946928 5.987828 5.95119 5.906402 5.894174 5.902562 5.843085 5.716216 5.645059 5.74446 5.814057 5.762057 5.679758 5.655578 5.655444 5.684017 5.75559 5.793295 5.78314 5.757966 5.750653 5.743304 5.735343 5.741345
11.57057 11.11493 10.10795 8.691241 7.783339 7.617491 7.837006 8.017567 8.137512 8.252192 8.383929 8.461072 8.348072 8.27582 8.198839 8.116743 8.005604 8.065256 8.271339 8.420985 8.373463 7.982225 7.234318 6.3977 6.10033 5.785855 6.273784 7.347511 8.48941 9.21518 9.597301 9.804941 9.862645 9.541059 8.507416 6.800186 5.547424 5.172372 5.377419 5.613056 5.741457 5.78742 5.769722 5.782173 5.875263 5.931854 5.824059 5.623822 5.636305 5.740289 5.754505 5.663198 5.604383 5.583243 5.59753 5.649835 5.69185 5.695423 5.684746 5.70717 5.761588 5.789898 5.777217
10.43286 10.2757 9.836149 8.791811 7.886327 7.65646 7.905015 8.134043 8.240644 8.306952 8.379376 8.412794 8.285674 8.156738 8.103121 8.10853 7.869133 7.773815 7.929447 8.24298 8.783958 8.936093 8.331627 7.138547 6.341048 6.083851 6.498017 7.21034 7.90497 8.392351 8.891699 9.230593 9.468088 9.526227 9.073488 7.563402 6.088186 5.372936 5.408526 5.558028 5.693359 5.786515 5.740942 5.730095 5.83898 5.948631 5.855877 5.575163 5.506057 5.635138 5.733919 5.675745 5.607565 5.568625 5.552386 5.557881 5.587956 5.609478 5.625155 5.677848 5.767158 5.81569 5.795668
9.412031 9.291479 9.229191 8.522016 7.6573 7.424059 7.782266 8.178499 8.361469 8.461527 8.484692 8.410925 8.240248 8.073015 7.992261 8.019741 7.886734 7.753123 7.795396 8.105164 8.674794 9.046834 8.724029 7.725209 6.886113 6.578861 6.753206 7.08108 7.403924 7.733189 8.161602 8.560576 8.870113 9.037831 9.309348 8.466987 7.31039 6.422318 6.25415 6.192536 6.129921 6.085752 5.812427 5.706726 5.802606 5.941895 5.884113 5.580112 5.415955 5.503627 5.64683 5.645429 5.598274 5.558291 5.527431 5.508854 5.531362 5.552 5.554507 5.592609 5.67486 5.737974 5.739743
9.027155 8.760219 8.735306 8.211751 7.388844 7.070127 7.381515 7.88841 8.363474 8.683746 8.761967 8.634069 8.439602 8.208082 7.975954 7.956411 7.942059 7.810531 7.696376 7.830361 8.210526 8.557035 8.519114 8.115519 7.610774 7.256691 7.120026 7.17345 7.26043 7.370121 7.611212 7.988451 8.39724 8.856391 9.299629 9.051761 8.350726 7.778564 7.563911 7.330149 6.935625 6.403715 5.852638 5.632782 5.736638 5.938005 5.967503 5.689462 5.411866 5.349584 5.427691 5.460388 5.462483 5.471083 5.484073 5.496502 5.53888 5.550357 5.51629 5.497986 5.538279 5.60323 5.643725
8.893118 8.446035 8.225313 7.82616 7.137481 6.716066 6.870585 7.479453 8.240657 8.751093 8.891293 8.847432 8.835859 8.574711 8.183637 8.084003 8.130624 7.966955 7.709313 7.740329 8.024334 8.327228 8.4608 8.695204 8.616199 8.298605 7.916495 7.813148 7.751298 7.593813 7.523212 7.706517 8.01499 8.43393 8.891006 9.053923 8.827549 8.532545 8.330173 8.182608 7.730159 6.873158 5.977798 5.57659 5.675038 5.939404 6.030042 5.863016 5.542888 5.301235 5.214107 5.204655 5.226508 5.294184 5.387725 5.47406 5.561405 5.583233 5.528505 5.46298 5.453001 5.498854 5.572372
8.671156 8.159037 7.762759 7.466427 7.006176 6.545536 6.523581 7.171457 8.068694 8.58122 8.682896 8.753995 9.019928 8.911252 8.521519 8.389608 8.421509 8.218414 7.911972 8.00346 8.45447 8.934055 9.352388 9.791637 9.921963 9.649451 9.22809 8.991407 8.720537 8.282246 7.928489 7.846158 7.929273 8.128507 8.407967 8.606085 8.534145 8.331396 8.130674 8.34958 8.183677 7.34054 6.248027 5.642966 5.695467 6.018453 6.119962 6.049609 5.789753 5.476653 5.253758 5.141793 5.077756 5.100151 5.21535 5.373417 5.51899 5.578996 5.548372 5.483715 5.438782 5.438719 5.483635
8.751766 8.254374 7.735716 7.518165 7.257082 6.792141 6.580592 7.119392 8.013992 8.437008 8.46673 8.531576 8.955523 8.975273 8.638841 8.437304 8.527186 8.46229 8.298573 8.460775 9.127645 9.778744 10.33686 10.85244 11.1603 11.09366 10.71815 10.20425 9.528555 8.830067 8.450791 8.25102 8.177176 8.221899 8.337677 8.402404 8.311009 8.217318 8.259567 8.523919 8.520638 7.823956 6.70249 5.883723 5.80429 6.180433 6.181588 6.137225 5.9942 5.792425 5.629491 5.464257 5.218963 5.019561 5.000831 5.167823 5.375792 5.497683 5.514806 5.479271 5.429949 5.409757 5.440468
9.345459 8.79019 8.11324 7.86412 7.646611 7.171065 6.794349 7.144286 8.038837 8.386454 8.435398 8.55291 8.763277 8.723832 8.502574 8.463861 8.82143 9.10425 9.199152 9.396285 9.878019 10.39804 10.85867 11.32308 11.82632 12.10762 11.8758 11.06911 9.974541 9.042793 8.914423 8.859377 8.850263 8.917962 8.953593 8.816148 8.561703 8.443894 8.55751 8.793425 8.83077 8.316916 7.28577 6.233367 5.824855 5.945113 6.046044 6.072115 6.027373 5.950117 5.939693 5.831393 5.53719 5.165957 4.93531 4.975669 5.181318 5.35924 5.42878 5.423362 5.39201 5.385627 5.431153
9.6418 9.125872 8.380844 8.162125 7.926312 7.505009 7.030596 7.107454 7.794538 8.236678 8.371317 8.489494 8.543556 8.480553 8.425873 8.643065 9.346537 9.945539 10.14312 10.12298 10.22212 10.43518 10.71294 11.12166 11.78675 12.42932 12.49491 11.67781 10.43158 9.547535 9.415826 9.533887 9.690821 9.834431 9.81634 9.508408 9.06755 8.823051 8.850483 8.973263 8.978088 8.670323 7.8565 6.67627 5.93808 5.823887 5.920178 5.980305 5.998691 6.017231 6.05707 6.020602 5.841716 5.488969 5.109248 4.913866 5.002102 5.187173 5.306651 5.337506 5.343679 5.366225 5.446059
