testdata.txt
ncols         259
nrows         215
xllcorner     119.17309570312
yllcorner     -3.4359215803324
cellsize      7.4985002999423e-05
NODATA_value  -9999
[rows 140 to 167 of 215, columns 126 to 188 of 259]
1.645347 1.049017 0.7221365 0.5542488 0.4807854 0.4671559 0.4926195 0.5380211 0.5923331 0.6507666 0.7118649 0.7750249 0.8404272 0.9090335 0.9812672 1.05423 1.117795 1.169828 1.215086 1.255098 1.282889 1.297876 1.300105 1.281409 1.234679 1.166486 1.088626 1.001181 0.8794527 0.700141 0.4680233 0.2373233 0.04094744 -0.1168075 -0.2455535 -0.3504262 -0.4344363 -0.4990258 -0.5449038 -0.573081 -0.5848374 -0.5811291 -0.5625362 -0.5295167 -0.4823365 -0.4208503 -0.3445187 -0.2525625 -0.1439786 -0.01730824 0.129354 0.2982574 0.492178 0.7146783 0.9701238 1.263428 1.599401 1.979953 2.395893 2.808268 3.12096 3.202436 3.173557
3.505398 2.361391 1.519583 0.9567285 0.6046019 0.4165673 0.3588963 0.3717422 0.4125676 0.462698 0.5178673 0.574873 0.6312997 0.685405 0.7358296 0.7811174 0.8188648 0.8471334 0.8649099 0.8717644 0.8660195 0.8466794 0.8131869 0.7657421 0.7043202 0.6316309 0.5507483 0.4619741 0.3589249 0.2364836 0.09867716 -0.03671026 -0.1592407 -0.2668381 -0.3609676 -0.4414811 -0.5079622 -0.5598631 -0.5967002 -0.6183462 -0.6250105 -0.6169295 -0.5942969 -0.5573206 -0.5060344 -0.4400973 -0.3588343 -0.2613611 -0.1464067 -0.01219797 0.143497 0.323359 0.5309324 0.7708945 1.04938 1.374464 1.756781 2.208395 2.735657 3.311413 3.791335 3.790688 3.68995
6.001328 4.617386 3.304905 2.225958 1.381913 0.7974734 0.4957786 0.3784413 0.3401599 0.3327241 0.3510494 0.3874154 0.4322257 0.4768505 0.5162182 0.5497158 0.5758333 0.5910444 0.5932469 0.5850079 0.5663607 0.5363653 0.4949031 0.4437814 0.3843713 0.318779 0.2484069 0.1726375 0.08987522 0.0001249313 -0.09434414 -0.1894474 -0.2819772 -0.3694973 -0.4498429 -0.5208044 -0.5803957 -0.6269178 -0.6591792 -0.6766748 -0.6793337 -0.667273 -0.6407108 -0.5999131 -0.5448275 -0.4750333 -0.3898039 -0.288147 -0.1685338 -0.0289731 0.1329536 0.3202057 0.5367374 0.7877016 1.079999 1.423316 1.831723 2.325086 2.928824 3.658988 4.411083 4.218135 4.058066
8.033219 6.877583 5.481781 4.156178 2.967567 2.015563 1.399802 1.027162 0.7505703 0.5153651 0.3487616 0.2693796 0.2636118 0.2967224 0.3407607 0.3960729 0.4535532 0.4857535 0.4767361 0.4502902 0.4092374 0.3508863 0.2809863 0.2139301 0.148603 0.08486414 0.0242691 -0.0375042 -0.1030436 -0.1723604 -0.2446098 -0.3198299 -0.3967471 -0.4728312 -0.5449538 -0.6100817 -0.6652503 -0.707942 -0.736465 -0.750102 -0.7486801 -0.7324367 -0.7018299 -0.6572781 -0.5987349 -0.5257926 -0.4377203 -0.3333802 -0.2110333 -0.06856108 0.09652281 0.2872658 0.5075493 0.7621634 1.057307 1.401383 1.805544 2.282643 2.840591 3.455382 3.98842 4.065914 4.089145
8.903547 8.249624 7.193906 6.079118 4.986674 4.017308 3.271408 2.66236 2.054389 1.41273 0.8252039 0.4285235 0.2749176 0.2972827 0.4035721 0.585691 0.7946954 0.9218025 0.9120841 0.8630776 0.7845712 0.6542549 0.4795275 0.311583 0.1581111 0.03304148 -0.05454874 -0.1347833 -0.2160892 -0.2907038 -0.3548374 -0.4221349 -0.495409 -0.5696845 -0.639174 -0.7018604 -0.7549691 -0.7958221 -0.8227062 -0.8347898 -0.8308201 -0.8109436 -0.7765093 -0.7286038 -0.6672463 -0.5920763 -0.502439 -0.3970609 -0.274065 -0.1312523 0.03389072 0.2243342 0.443469 0.69508 0.9836276 1.314491 1.693255 2.123068 2.59712 3.080947 3.48569 3.691135 3.833331
8.949716 8.761441 8.150384 7.425936 6.70148 6.07127 5.56003 4.986422 4.234544 3.24535 2.122726 1.225164 0.8177347 0.8433237 1.107723 1.57063 2.08419 2.396878 2.409485 2.366365 2.286304 2.08304 1.72746 1.316764 0.9073887 0.5797105 0.3690033 0.1754169 -0.01655483 -0.1664538 -0.2591991 -0.3550839 -0.4653134 -0.5689511 -0.6484947 -0.712328 -0.7650418 -0.8086786 -0.8450427 -0.8733406 -0.8809114 -0.8655467 -0.8352456 -0.7941546 -0.7388849 -0.6676702 -0.581068 -0.4779744 -0.3571043 -0.216723 -0.05450296 0.1323004 0.346354 0.5901546 0.866091 1.17629 1.521464 1.898566 2.295905 2.685717 3.020974 3.261946 3.4521
8.712324 8.844879 8.633862 8.274891 7.882588 7.575686 7.369625 7.015453 6.401161 5.39974 4.058746 2.871016 2.306789 2.360524 2.776988 3.484298 4.216685 4.640972 4.693586 4.751176 4.829353 4.74053 4.343812 3.699092 2.958842 2.325358 1.876739 1.443475 1.023803 0.7135301 0.5314517 0.3244753 0.08086109 -0.1226234 -0.2329984 -0.2944255 -0.3417463 -0.3985 -0.4821086 -0.5918002 -0.66295 -0.686152 -0.7023778 -0.7247491 -0.7277303 -0.6997824 -0.6456361 -0.5627761 -0.4541402 -0.3223038 -0.1671481 0.01281261 0.2190046 0.4523864 0.7132673 1.000977 1.312976 1.643526 1.981335 2.307416 2.59746 2.836045 3.03639
8.355512 8.589903 8.700082 8.648956 8.519546 8.432665 8.454972 8.327717 7.919626 7.095375 5.896914 4.803986 4.303535 4.395109 4.834597 5.589717 6.350653 6.773963 6.843215 6.990952 7.256025 7.390211 7.14819 6.499584 5.640146 4.810163 4.11747 3.474023 2.922379 2.545436 2.305046 1.990733 1.607775 1.306323 1.188354 1.166538 1.151819 1.087639 0.9398961 0.7094831 0.5498261 0.4554524 0.3012104 0.07159662 -0.1593752 -0.3500552 -0.4877529 -0.5361257 -0.5073605 -0.4224834 -0.2939353 -0.1296134 0.06520367 0.2870178 0.5330856 0.8000972 1.083406 1.37646 1.669849 1.951013 2.20673 2.42947 2.622579
7.861981 8.228446 8.461618 8.648264 8.734022 8.772553 8.964214 8.988046 8.664156 7.959748 7.037867 6.267685 5.97594 6.099473 6.445246 7.078467 7.737172 8.085326 8.097431 8.216109 8.554872 8.851173 8.840929 8.453215 7.805428 7.004077 6.157819 5.466423 5.030474 4.805472 4.627694 4.333864 3.942578 3.646461 3.588241 3.665682 3.735763 3.719296 3.580655 3.307635 3.117715 2.975236 2.676364 2.214457 1.647012 1.039746 0.4788389 0.07403326 -0.183228 -0.314785 -0.3273063 -0.2413363 -0.08775997 0.1092415 0.3359213 0.5833745 0.8430874 1.106997 1.367022 1.614606 1.842056 2.044975 2.223468
7.119693 7.596165 8.093367 8.561104 8.752758 8.688822 8.98707 9.105446 8.822781 8.201532 7.522901 7.007987 6.87393 7.035526 7.329498 7.847806 8.374124 8.591573 8.477466 8.505575 8.901631 9.283798 9.430967 9.326838 8.966005 8.265941 7.329297 6.697785 6.481214 6.490816 6.457376 6.323274 6.066966 5.881614 5.929279 6.126869 6.32104 6.448351 6.485854 6.356654 6.241745 6.134479 5.892796 5.510123 4.832623 3.895984 2.904675 1.987926 1.163762 0.4963284 0.07764578 -0.0875721 -0.08317995 0.01576424 0.1745782 0.3790374 0.6080384 0.8440311 1.076075 1.296335 1.499266 1.681823 1.843189
6.666643 7.205257 7.912472 8.588116 8.844249 8.71666 8.683764 8.710854 8.532745 8.096181 7.630938 7.262578 7.234733 7.467954 7.766272 8.186964 8.575397 8.690312 8.539625 8.524158 9.072883 9.50005 9.706181 9.729309 9.502245 8.846592 7.853965 7.339272 7.266794 7.400356 7.47166 7.492599 7.332345 7.237715 7.357294 7.585064 7.82972 8.103849 8.399273 8.466879 8.401232 8.319517 8.257441 8.185328 7.758086 7.010143 6.176029 5.145209 3.889398 2.603229 1.57725 0.949522 0.5891361 0.3697534 0.2703023 0.3126159 0.446094 0.6205685 0.8105869 0.9996638 1.177456 1.338964 1.482537
6.612994 7.1655 7.921848 8.628647 8.872215 8.621309 8.268963 8.139896 8.103113 7.966918 7.700462 7.426817 7.480157 7.798596 8.116817 8.392423 8.644856 8.772992 8.824348 9.069294 9.535564 9.891836 10.08019 10.08593 9.846298 9.220534 8.307755 7.713611 7.524803 7.559027 7.634238 7.784343 7.643527 7.636661 7.829297 8.0179 8.205338 8.546577 9.155602 9.483139 9.522106 9.505714 9.608523 9.756063 9.616641 9.285295 8.929092 8.144791 6.877839 5.396853 4.085391 3.170944 2.446856 1.749763 1.153465 0.8163486 0.6633096 0.6198988 0.6670058 0.7686079 0.8925512 1.019909 1.141646
6.733849 7.27527 7.942826 8.519163 8.746689 8.531633 8.077723 7.807858 7.825614 7.939552 7.906367 7.736168 7.835644 8.190766 8.466861 8.576668 8.66324 8.812458 9.071006 9.504938 9.985733 10.34325 10.52993 10.479 10.17283 9.555796 8.699797 7.963877 7.476847 7.201616 7.084876 7.143315 7.190159 7.385145 7.733044 7.963497 8.119723 8.440526 9.379223 9.989932 10.22863 10.34532 10.51501 10.64133 10.58519 10.48735 10.39738 9.849743 8.876537 7.738205 6.707411 5.925287 5.103798 4.069129 3.03359 2.286472 1.714746 1.26231 0.9790993 0.8242517 0.7635429 0.775511 0.8378212
6.855907 7.365524 7.865246 8.201623 8.380036 8.338652 8.057318 7.785722 7.7949 8.032682 8.195526 8.112994 8.201748 8.546701 8.809719 8.740214 8.566833 8.576597 8.912296 9.531614 10.16776 10.6274 10.84945 10.7767 10.4495 9.893232 9.151396 8.35681 7.576954 6.905793 6.486755 6.429092 6.581825 6.937968 7.464502 7.929305 8.341732 8.904255 9.772649 10.37744 10.68103 10.84603 10.96743 11.00531 10.99503 11.01223 10.96565 10.51826 9.788607 9.017998 8.353033 7.780685 7.108869 6.176009 5.264184 4.537805 3.772658 2.946978 2.212829 1.567835 1.074143 0.7797575 0.6657605
6.86753 7.349231 7.745721 7.860432 7.940436 8.055756 8.044746 7.86946 7.829325 8.030021 8.255373 8.24778 8.316582 8.604794 8.86451 8.748879 8.39707 8.193108 8.437036 9.076216 9.750223 10.25794 10.56232 10.58451 10.40741 10.08385 9.595018 8.911589 7.965455 6.966722 6.298697 6.184764 6.42045 6.872158 7.489554 8.134133 8.783255 9.505726 10.26377 10.69038 10.84885 10.87973 10.83113 10.71763 10.65337 10.67969 10.67285 10.41124 9.946313 9.429203 8.913942 8.286417 7.77206 7.145124 6.724897 6.42305 5.925134 5.163917 4.242203 3.168861 2.160586 1.398541 0.9186749
6.61776 7.070505 7.513495 7.556296 7.576087 7.796154 8.014124 7.942496 7.834529 7.900839 8.073729 8.132046 8.202522 8.397293 8.592528 8.507133 8.112703 7.765649 7.864104 8.3643 8.921663 9.398958 9.779404 9.908859 9.920309 9.860124 9.617087 9.124489 8.164117 7.065776 6.390796 6.369345 6.733254 7.273894 7.914565 8.586885 9.309288 10.09952 10.79108 10.98941 10.84184 10.6098 10.40018 10.16498 9.990698 9.980083 10.09309 10.09015 9.850611 9.43894 8.941592 8.313639 7.702469 7.263588 7.239937 7.362537 7.298557 6.877456 6.061704 4.915915 3.741877 2.744158 1.949405
6.111625 6.458262 7.023714 7.200183 7.32368 7.665999 8.036515 8.00473 7.835724 7.777594 7.873358 7.987242 8.075775 8.164839 8.207174 8.125607 7.784289 7.441143 7.479938 7.847821 8.271049 8.671703 9.006127 9.088533 9.13146 9.159828 8.949476 8.639349 7.842315 6.981852 6.593909 6.757209 7.232363 7.853519 8.486645 9.07984 9.717241 10.46836 11.12607 11.17433 10.75452 10.31116 10.08718 9.864189 9.642378 9.626591 9.886271 10.06692 9.897776 9.415371 8.81452 8.185174 7.608543 7.250282 7.278594 7.52145 7.694273 7.532419 6.889326 6.013373 5.180793 4.451664 3.715455
5.670483 5.758593 6.324915 6.744757 7.145617 7.666548 8.150452 8.077595 7.883362 7.778347 7.837531 7.988063 8.083817 8.097447 7.979224 7.913481 7.698386 7.468616 7.551973 7.919388 8.267978 8.523518 8.619977 8.496399 8.435686 8.442993 8.283693 7.958198 7.460505 7.096925 7.101905 7.338746 7.743789 8.337749 8.874279 9.322885 9.770714 10.34058 10.89361 10.95819 10.55233 10.14118 10.04737 9.947487 9.786283 9.816209 10.15648 10.38649 10.1863 9.583617 8.876514 8.350736 7.91947 7.532329 7.326013 7.433643 7.618354 7.561919 7.006126 6.437055 6.075176 5.869599 5.592368
5.730309 5.586724 5.980669 6.481537 7.06228 7.666793 8.092175 8.117764 7.981749 7.88584 7.927549 8.068613 8.132098 8.074821 7.981964 8.013259 7.951655 7.841059 7.954946 8.338177 8.563162 8.647675 8.53817 8.326443 8.224031 8.182617 8.033903 7.83989 7.663012 7.659602 7.87303 8.071302 8.30107 8.69367 9.132967 9.372552 9.555243 9.868491 10.27687 10.49132 10.38449 10.23659 10.30936 10.33826 10.28263 10.34807 10.61249 10.70617 10.43117 9.80405 9.101198 8.752122 8.5551 8.197713 7.722033 7.559205 7.527128 7.359499 6.994153 6.747542 6.73215 6.885941 7.012318
6.209395 5.939866 6.077704 6.44769 7.036013 7.678092 8.104818 8.203737 8.134279 8.070938 8.101561 8.194226 8.218347 8.161066 8.135177 8.244729 8.282269 8.227322 8.266357 8.472206 8.622126 8.631474 8.493111 8.359488 8.270735 8.146984 7.979182 7.955193 7.992009 8.097418 8.302903 8.447475 8.612648 8.93417 9.3195 9.441878 9.465315 9.576256 9.815437 10.14031 10.37027 10.53488 10.7441 10.89301 10.986 11.10405 11.22507 11.11866 10.75077 10.14848 9.540441 9.412651 9.512072 9.318743 8.730718 8.327071 7.993837 7.629588 7.357917 7.330606 7.469813 7.713663 7.964192
6.754972 6.418597 6.360209 6.558072 7.065907 7.690587 8.118692 8.268884 8.274528 8.274506 8.317955 8.351036 8.318024 8.245744 8.231488 8.342452 8.402639 8.351594 8.289176 8.295775 8.331869 8.344278 8.312836 8.307833 8.228428 7.996611 7.736413 7.73254 7.790692 7.827695 7.920077 8.047136 8.304422 8.762492 9.295377 9.592537 9.73378 9.77957 9.803461 10.06736 10.46241 10.82245 11.09692 11.34548 11.61212 11.84618 11.92466 11.73724 11.27502 10.62889 10.11595 10.22115 10.60775 10.65334 10.17564 9.715009 9.153509 8.512537 8.091639 8.063956 8.213272 8.45507 8.775648
7.150972 6.769745 6.670933 6.849154 7.295721 7.80595 8.128588 8.259975 8.320539 8.395992 8.482759 8.4767 8.362918 8.216191 8.152691 8.233442 8.283113 8.195383 8.022303 7.890648 7.896205 8.002462 8.105573 8.174296 8.144374 7.952935 7.666646 7.503778 7.326441 7.13774 7.098534 7.259663 7.662101 8.299613 9.048866 9.676925 10.11659 10.20015 9.981018 10.06375 10.45593 10.8543 11.08201 11.33767 11.69987 12.07122 12.27945 12.19188 11.66719 10.91623 10.4751 10.77144 11.32446 11.54847 11.33906 11.08648 10.52354 9.634739 8.841465 8.537749 8.541626 8.718464 9.037544
7.376761 7.088771 7.059738 7.280437 7.655486 7.990988 8.141735 8.188742 8.250272 8.349906 8.442677 8.388068 8.186062 7.969649 7.895627 7.989416 8.040679 7.903755 7.645539 7.526124 7.77048 8.17827 8.351913 8.228731 8.129128 8.181538 8.229082 8.053754 7.524369 6.979929 6.889456 7.242764 7.761974 8.329119 8.966398 9.636845 10.21977 10.38065 10.07431 9.982312 10.1896 10.43098 10.54249 10.76079 11.10075 11.52026 11.90783 11.96988 11.4561 10.73206 10.49007 10.95847 11.51705 11.74149 11.7452 11.81114 11.4656 10.57315 9.560246 8.914651 8.621768 8.61342 8.851385
7.493423 7.370353 7.395499 7.58381 7.844225 8.03319 8.072649 8.052681 8.07345 8.143633 8.192275 8.104433 7.877811 7.666758 7.646775 7.806209 7.911261 7.795904 7.552688 7.586226 8.353461 9.368978 9.636961 8.922921 8.333786 8.560123 9.250942 9.447607 8.744718 7.855752 7.735199 8.316898 8.793968 8.959011 9.114794 9.471698 9.933163 10.10583 9.813116 9.535799 9.395286 9.372593 9.42625 9.671276 9.949286 10.32033 10.8422 11.07183 10.65743 10.05383 10.04969 10.72747 11.30438 11.48482 11.62194 11.98359 11.96508 11.33836 10.45358 9.696352 9.178466 8.935795 8.936636
7.606916 7.591635 7.585946 7.624831 7.724436 7.833675 7.885177 7.888493 7.894806 7.912529 7.904737 7.821611 7.643876 7.494672 7.534368 7.752257 7.948196 7.959304 7.85407 8.089998 9.422631 11.15609 11.61224 10.12838 8.645805 8.631303 9.785646 10.57245 10.11356 9.165453 8.951232 9.586594 9.789637 9.413792 9.050943 9.063097 9.311051 9.394066 9.08754 8.692636 8.207973 7.984821 8.1122 8.481899 8.742154 9.026854 9.597637 9.972307 9.635929 9.042482 9.124266 10.03163 10.78589 11.07176 11.37185 11.96488 12.24241 11.97878 11.46825 10.94442 10.49175 10.12463 9.763843
7.847004 7.857888 7.768984 7.605432 7.513016 7.551948 7.660767 7.752685 7.807037 7.82795 7.813939 7.742598 7.583675 7.446389 7.481161 7.677945 7.920157 8.071082 8.125171 8.491117 10.02796 12.05328 12.66527 10.83847 8.671947 8.008398 8.879259 9.922385 10.04285 9.585588 9.493542 9.753333 9.513786 8.799163 8.289364 8.303707 8.520611 8.531637 8.205187 8.030112 7.444654 7.208361 7.461895 7.943906 8.200234 8.357924 8.848738 9.194605 8.759708 8.003872 8.010723 9.044152 10.01837 10.5449 11.08276 11.84414 12.274 12.24588 12.0926 11.95861 11.81299 11.50552 10.8476
8.294353 8.235533 7.97658 7.582538 7.288619 7.235602 7.388431 7.611227 7.80197 7.924337 7.968406 7.897244 7.692707 7.502991 7.491847 7.611015 7.818768 8.017296 8.097024 8.40303 9.593494 11.19206 11.7724 10.43617 8.537985 7.475084 7.586348 8.230404 8.624672 8.715139 8.828512 8.83778 8.413723 7.791582 7.534905 7.813916 8.213767 8.376866 8.268183 8.116435 7.793577 7.699475 8.000997 8.448378 8.582177 8.403582 8.575112 8.66946 8.194967 7.52301 7.566372 8.55912 9.527552 10.1573 10.84511 11.64301 12.0459 12.06731 12.12012 12.27804 12.38739 12.10883 11.16521
8.729117 8.620071 8.215063 7.63323 7.159367 6.993683 7.147156 7.47445 7.812939 8.061985 8.161192 8.052829 7.774018 7.531606 7.489705 7.552102 7.732786 7.980059 7.988215 8.111834 8.715307 9.616199 10.12703 9.693704 8.699758 7.751189 7.219966 7.122766 7.276649 7.554409 7.819983 7.805164 7.532212 7.275526 7.341413 7.794377 8.363605 8.780615 8.995312 9.149071 9.197159 9.29468 9.558635 9.834797 9.75816 9.221293 8.612108 8.208466 7.843427 7.630471 7.934991 8.792308 9.554418 10.13136 10.85403 11.59781 11.90074 11.84624 11.86736 12.03612 12.17694 11.809 10.59888
