testdata.txt
ncols         259
nrows         215
xllcorner     119.17309570312
yllcorner     -3.4359215803324
cellsize      7.4985002999423e-05
NODATA_value  -9999
[rows 28 to 55 of 215, columns 0 to 62 of 259]
12.95038 13.18327 13.34503 13.46999 13.38104 13.08254 13.05108 13.33947 13.55359 13.45001 13.3203 13.4765 13.96597 14.45541 14.11411 12.72736 10.85066 9.264396 8.426839 8.468937 9.246399 10.38866 11.38766 11.74506 11.25104 10.22061 9.27903 8.320255 7.45704 6.973031 6.381799 5.03019 2.911729 1.040639 0.002729416 -0.3196368 -0.3660345 -0.3480139 -0.3225598 -0.2967167 -0.2706017 -0.2438779 -0.2161474 -0.1855597 -0.1424332 -0.05615091 0.1491489 0.6110015 1.487582 2.861034 4.587508 6.294698 7.515799 8.031008 8.515171 9.243736 9.745584 9.403568 8.909372 8.74527 8.776882 8.757909 8.777806
12.79268 12.88844 13.02405 13.16919 12.86783 11.93395 11.32262 11.36547 11.54162 11.41799 11.26121 11.42976 12.05337 12.86535 12.80554 11.63745 10.1353 9.188805 8.886678 9.135559 9.850954 10.7941 11.61142 11.89393 11.38529 10.27004 9.253094 8.497871 7.953365 7.682897 7.215179 6.008302 4.004327 1.919602 0.4909248 -0.1352353 -0.2894993 -0.2947192 -0.2712841 -0.2453756 -0.2191601 -0.1929455 -0.1668868 -0.1408544 -0.1123538 -0.07090664 0.01574087 0.2132258 0.6205463 1.339834 2.364321 3.53815 4.58932 5.318925 6.108756 6.984561 7.577461 7.723561 7.86122 8.118358 8.300365 8.397388 8.528868
12.75521 12.77147 12.90149 12.96731 12.29562 10.62189 9.25366 8.858434 8.956795 8.961945 8.996908 9.329409 10.08104 11.07418 11.35647 10.75336 9.971893 9.66799 9.728941 9.969605 10.40234 11.03858 11.72034 12.0985 11.77739 10.6593 9.509056 8.765254 8.364846 8.079033 7.584714 6.608057 5.034517 3.054933 1.294858 0.2201853 -0.1608596 -0.2338796 -0.2196989 -0.1943488 -0.1679506 -0.1421542 -0.117486 -0.09430599 -0.07277107 -0.05189562 -0.02574301 0.0244503 0.1393776 0.3802576 0.7841878 1.332007 1.940055 2.521536 3.208633 3.879886 4.369423 4.9182 5.677042 6.440948 6.947874 7.301671 7.577061
13.19003 13.12834 13.21959 13.14437 12.15155 10.00775 8.033826 7.160897 7.088331 7.174604 7.413319 7.954165 8.849396 9.954876 10.59705 10.61153 10.41199 10.39234 10.55018 10.69218 10.8232 11.1221 11.62497 12.0409 11.88165 10.89597 9.780645 9.055428 8.671518 8.259724 7.717608 7.031197 6.022626 4.432301 2.507182 0.9081974 0.1150603 -0.134335 -0.1625762 -0.1427574 -0.1163149 -0.09054518 -0.06682348 -0.04570007 -0.02770042 -0.01326847 -0.002202511 0.007968903 0.02520657 0.06543398 0.1474423 0.2853003 0.4845252 0.7489462 1.105816 1.443936 1.738064 2.298163 3.130633 3.984769 4.641347 5.150388 5.495098
13.6911 13.63582 13.74618 13.63936 12.63193 10.56559 8.563324 7.424822 7.012165 6.813736 6.931283 7.502245 8.472086 9.644175 10.56048 10.97439 10.96571 10.8007 10.87417 11.03538 11.17101 11.32688 11.62368 11.84813 11.59474 10.7674 9.910603 9.365172 9.022369 8.587708 8.065155 7.596522 6.997523 5.89468 4.06473 2.062068 0.7031717 0.09885168 -0.06911469 -0.08346415 -0.0625453 -0.03705168 -0.01383972 0.005752087 0.02119589 0.03217936 0.03842449 0.03986311 0.03735828 0.03364801 0.0336647 0.04422951 0.07469749 0.1369348 0.2380757 0.3423219 0.4645128 0.7512503 1.194264 1.699429 2.176683 2.583123 2.851273
13.91549 14.04492 14.29732 14.31363 13.60198 12.15388 10.69265 9.612078 8.738641 7.861306 7.492108 7.896207 8.859873 10.00739 10.96802 11.51024 11.54343 11.13932 10.84152 10.924 11.31096 11.67976 11.95148 11.92913 11.44532 10.74886 10.25055 10.00653 9.801135 9.525599 9.05139 8.619373 8.080212 7.280787 5.761588 3.695152 1.816304 0.6725016 0.1726551 0.02569532 0.006008148 0.02182102 0.04289913 0.06099367 0.074224 0.08235455 0.08536673 0.0833869 0.07680511 0.06638956 0.05331516 0.03961992 0.02885866 0.02605438 0.03439713 0.05003643 0.08298635 0.1720161 0.315742 0.5011058 0.7073889 0.8939514 1.020041
14.07188 14.53827 15.00402 15.21317 14.87379 14.09297 13.25138 12.39552 11.27514 9.884389 9.035447 9.187944 10.10645 11.198 12.00073 12.38917 12.37665 11.89992 11.36936 11.22772 11.58042 12.0287 12.26789 12.09301 11.56041 11.11612 11.00679 11.05816 10.97198 10.75044 10.44439 10.09832 9.585917 8.871994 7.612109 5.741056 3.650048 1.940849 0.8651967 0.3451252 0.151927 0.1056962 0.1095529 0.1223478 0.1323667 0.1373258 0.1369152 0.1315188 0.1218858 0.1089177 0.09368038 0.07755184 0.0621624 0.04919624 0.04022598 0.03616238 0.03912115 0.05372858 0.08062649 0.1214218 0.1736674 0.2237411 0.2610898
13.99561 14.74442 15.40706 15.86488 15.88716 15.49053 14.93053 14.26864 13.34097 12.08954 11.09215 10.88693 11.53171 12.50912 13.15939 13.37767 13.39363 13.18268 12.77749 12.44923 12.46938 12.71829 12.84102 12.63542 12.23267 12.01677 12.09218 12.25067 12.2297 12.02705 11.82353 11.69169 11.47827 10.96562 9.959736 8.374147 6.332448 4.21888 2.458431 1.262757 0.6033158 0.3218923 0.2300544 0.2058592 0.2009811 0.1987538 0.1933517 0.1835217 0.1698928 0.1534204 0.1353188 0.116931 0.09955788 0.08433437 0.07236433 0.06443501 0.06103516 0.06248665 0.06858397 0.07909346 0.0929389 0.1072979 0.1200204
13.45145 14.28111 15.04944 15.74505 16.07029 15.80594 15.26404 14.77542 14.3722 13.78533 12.94805 12.3213 12.4582 13.23266 13.77935 13.93039 14.12124 14.42 14.41816 14.09576 13.81836 13.7739 13.71885 13.50279 13.21463 13.01788 12.92267 12.87817 12.79902 12.60274 12.49772 12.66157 12.97029 12.97695 12.41585 11.19536 9.388031 7.234767 5.024363 3.09786 1.735701 0.9819384 0.6121902 0.4290833 0.3400087 0.2930665 0.2637763 0.2413011 0.2206306 0.199049 0.1767612 0.1549134 0.1346335 0.1168976 0.102551 0.09210014 0.08573437 0.08344221 0.08486032 0.08938503 0.09626389 0.1046562 0.1136928
12.55882 13.34659 14.10709 14.85749 15.30242 15.18536 14.87436 14.74005 14.80179 14.69736 14.00972 13.16311 12.9903 13.56201 13.85375 13.81474 14.16887 14.92522 15.28501 15.06187 14.69152 14.40731 14.09437 13.74477 13.44707 13.1303 12.67632 12.21802 11.96059 11.85198 11.9109 12.25896 12.8904 13.44556 13.5049 12.86438 11.5881 9.912279 7.870155 5.693295 3.804037 2.489211 1.637873 1.095416 0.7651377 0.5470662 0.4080014 0.3284492 0.2825112 0.2480874 0.2180152 0.1909046 0.166564 0.1455245 0.1283097 0.1151996 0.1062751 0.1015053 0.1005397 0.1029339 0.108222 0.1158695 0.1252432
11.50084 12.21306 12.91904 13.58645 13.99898 14.07997 14.19035 14.46969 14.73015 14.7074 14.14054 13.47762 13.43993 13.97077 14.05961 13.83547 14.18702 15.0602 15.52706 15.33261 14.8653 14.28272 13.62182 13.05102 12.67342 12.22142 11.48586 10.67895 10.21092 10.1876 10.38715 10.75638 11.37455 12.17151 12.64968 12.59044 12.05535 11.19944 9.897798 8.165661 6.29873 4.705635 3.501826 2.629014 1.947446 1.320953 0.8425188 0.5600338 0.4125156 0.3258686 0.2693825 0.22961 0.197938 0.1714921 0.1501441 0.1339388 0.1224995 0.1154337 0.1123877 0.1131387 0.117487 0.1250763 0.1355038
10.48481 11.04631 11.66688 12.22175 12.5891 12.899 13.39856 13.96562 14.27514 14.24704 13.92664 13.70512 13.9777 14.53541 14.61062 14.37786 14.57751 15.16853 15.39764 15.0674 14.45477 13.58369 12.59718 11.83708 11.45236 11.01724 10.27586 9.384794 8.779554 8.738598 8.956949 9.253888 9.666416 10.45143 11.03478 11.3459 11.4396 11.30837 10.79769 9.735682 8.196838 6.662622 5.523541 4.734448 3.93971 2.906786 1.958001 1.300584 0.8789601 0.6003747 0.4285517 0.3307691 0.2677879 0.2174931 0.1804695 0.1571441 0.142314 0.131566 0.1244416 0.121892 0.1245279 0.1320057 0.1436281
9.705648 10.12585 10.63721 11.1161 11.53578 12.07602 12.76115 13.40233 13.80736 13.99924 14.0814 14.24822 14.62576 15.05072 15.16168 15.04734 15.04897 15.12676 14.8658 14.28586 13.60155 12.61548 11.46293 10.64584 10.41629 10.21404 9.720311 8.960056 8.326832 8.220314 8.432971 8.781263 9.217041 9.687004 10.08864 10.47947 10.85501 11.07544 10.99417 10.32534 9.019245 7.678148 6.91916 6.632675 6.169207 5.114968 3.914736 2.919156 2.14188 1.535624 1.118095 0.8585472 0.6715074 0.4980989 0.3781557 0.3240218 0.2966533 0.2585216 0.2155671 0.1847882 0.174036 0.1772494 0.1827927
9.523106 9.840724 10.1909 10.59792 11.1488 11.87875 12.56168 13.12932 13.70713 14.25947 14.69588 15.00764 15.20933 15.23951 15.16531 15.05895 14.89269 14.51375 13.8129 13.06548 12.46536 11.57156 10.44145 9.696497 9.70882 9.826202 9.617313 8.956419 8.354839 8.309099 8.660275 9.140978 9.555992 9.754354 9.900108 10.16628 10.54591 10.87547 10.97173 10.46259 9.279162 8.099236 7.601998 7.720702 7.780406 7.221951 6.31583 5.39009 4.529973 3.709235 3.027042 2.501991 2.034544 1.546495 1.214961 1.086898 1.017545 0.8637609 0.6747956 0.5394773 0.4905605 0.4843783 0.4539609
9.355114 9.596207 9.748058 10.04732 10.72181 11.57405 12.24996 12.75811 13.4833 14.3144 14.95144 15.22462 15.11194 14.68376 14.38412 14.2667 14.01915 13.47451 12.74213 12.10163 11.61462 10.86267 9.829664 9.144071 9.272736 9.620077 9.681519 9.071914 8.577915 8.671505 9.139923 9.650576 9.969311 9.954845 9.766684 9.66866 9.828301 10.17604 10.41509 10.08179 9.178377 8.260091 7.906705 8.194302 8.66519 8.727448 8.416637 7.972006 7.507034 6.927186 6.266818 5.572128 4.821332 3.99955 3.465237 3.279424 3.117144 2.665971 2.121598 1.763988 1.677603 1.68693 1.565622
8.871994 9.053553 9.099276 9.35644 10.12106 10.96678 11.71066 12.27231 13.1077 13.9981 14.56938 14.66402 14.32965 13.72682 13.44711 13.46724 13.31125 12.86956 12.34302 11.89754 11.48299 10.84502 9.871284 9.143295 9.222551 9.606422 9.660078 9.211906 8.874456 9.085544 9.541071 9.930386 10.12858 10.01276 9.575644 9.085635 8.905134 9.125278 9.406807 9.202673 8.699129 8.155229 7.971794 8.338495 9.040808 9.566422 9.86576 10.08369 10.2585 10.1532 9.640264 8.865079 8.040094 7.219387 6.763197 6.644924 6.390669 5.58548 4.57756 3.911196 3.803518 3.905878 3.791648
8.51879 8.683309 8.80644 9.179417 10.04781 10.88511 11.47238 12.02057 12.86313 13.56215 13.79736 13.6347 13.3068 12.95207 12.99553 13.31925 13.43963 13.22358 12.81619 12.4077 12.03615 11.48407 10.51141 9.673313 9.634193 9.976086 9.975363 9.54105 9.243528 9.467922 9.799393 9.963636 10.01574 9.920374 9.536176 8.954731 8.477289 8.312016 8.234842 8.057775 7.901548 7.748205 7.829721 8.343264 9.203881 9.990556 10.77717 11.6103 12.32444 12.48101 11.91712 11.05618 10.41226 9.957992 9.84597 9.908054 9.646643 8.686367 7.336598 6.324471 6.117203 6.339947 6.45352
9.137629 9.344658 9.620142 10.12274 10.93399 11.50125 11.72408 12.01475 12.63716 12.97137 12.80802 12.45775 12.29011 12.35339 12.76776 13.3756 13.80934 13.82829 13.43541 12.9663 12.6662 12.20186 11.27086 10.37999 10.1781 10.35683 10.28342 9.886629 9.630361 9.818726 10.00927 9.900482 9.714369 9.668708 9.652664 9.420708 8.897058 8.315889 7.70484 7.256837 7.193748 7.319308 7.66994 8.366276 9.401583 10.30181 11.42929 12.71469 13.73798 13.82623 13.04315 12.15049 11.76327 11.5896 11.67043 11.8317 11.66072 10.89069 9.520912 8.203105 7.670336 7.844081 8.247201
10.44081 10.6106 10.87961 11.29593 11.77304 11.7888 11.4491 11.29897 11.55707 11.55273 11.18877 10.8445 10.80181 11.14236 11.76957 12.49151 13.05367 13.20131 12.88364 12.52671 12.45585 12.20041 11.50869 10.79342 10.51612 10.51884 10.4221 10.171 10.02439 10.14943 10.2155 9.893586 9.56879 9.557644 9.911683 10.16745 9.88092 9.186286 8.212837 7.397348 7.166888 7.377715 7.880796 8.606366 9.512139 10.49429 11.75112 13.17217 14.25258 14.32163 13.65384 13.02557 12.87207 12.78324 12.8263 12.90611 12.76096 12.31199 11.29039 9.984875 9.075537 8.90465 9.232151
11.50118 11.46064 11.48726 11.56896 11.53998 10.99319 10.21755 9.7574 9.737108 9.552544 9.18722 9.005227 8.998137 9.435421 10.05788 10.6384 11.04495 11.15829 10.98895 10.93362 11.21047 11.23637 10.85188 10.47995 10.34859 10.40754 10.40867 10.30265 10.24072 10.32089 10.43782 10.33193 10.07896 10.13443 10.6604 11.19918 11.19807 10.69667 9.73847 8.722502 8.171937 8.193144 8.591735 9.135967 9.728788 10.4728 11.54616 12.81557 13.82429 14.10765 13.93135 13.79208 13.88032 13.88744 13.87597 13.82117 13.64392 13.43635 12.89957 11.9213 10.80217 10.06435 9.85597
11.69551 11.41089 11.19047 10.9389 10.49157 9.682711 8.822905 8.296557 8.123204 7.836641 7.427888 7.232738 7.431044 7.973082 8.456848 8.693126 8.752344 8.725317 8.712302 8.988407 9.568906 9.799709 9.573734 9.549148 9.701981 10.02649 10.16541 10.07527 10.00201 10.0741 10.36906 10.70442 10.91872 11.20586 11.77836 12.36459 12.5499 12.3663 11.73693 10.80064 9.938204 9.501967 9.469589 9.609051 9.771793 10.12544 10.89186 11.93676 12.86691 13.43044 13.77991 14.10677 14.43843 14.64493 14.71774 14.65457 14.49421 14.36692 14.14589 13.54663 12.43758 11.14543 10.25655
11.2975 11.02345 10.8846 10.61621 10.05449 9.325084 8.547638 7.922818 7.524972 7.085012 6.584376 6.368891 6.704919 7.31877 7.643773 7.552232 7.320639 7.20267 7.324577 7.805035 8.507107 8.85502 8.838493 8.86776 9.087647 9.478541 9.568082 9.373531 9.275129 9.382123 9.841154 10.52674 11.16368 11.69453 12.35103 13.03005 13.44118 13.57195 13.30676 12.58275 11.54716 10.58427 9.990277 9.722319 9.602262 9.714415 10.30989 11.23152 12.06008 12.65694 13.27178 13.91007 14.38106 14.67708 14.87185 14.95928 14.88717 14.68639 14.45574 14.00768 12.99647 11.43434 10.24331
11.0597 10.90832 10.85176 10.63472 10.16957 9.589086 8.81073 8.038992 7.53274 7.088284 6.590045 6.332581 6.629218 7.21482 7.519636 7.422379 7.189163 7.126029 7.270056 7.670236 8.264067 8.669476 8.816511 8.894854 9.06118 9.30308 9.18611 8.834379 8.676899 8.730054 9.145916 9.875248 10.65935 11.32575 12.108 12.97762 13.66279 14.029 13.91147 13.24189 12.12939 10.89521 10.06582 9.703465 9.517567 9.504704 10.01641 10.86485 11.52736 11.95656 12.65363 13.52355 14.10605 14.39492 14.67218 14.92587 14.87702 14.40714 13.86168 13.31438 12.42014 10.92787 9.801203
11.22462 11.03604 10.71401 10.33631 10.06237 9.613997 8.829463 8.080294 7.76884 7.554565 7.171233 6.853073 6.987497 7.48909 7.92446 8.1121 8.021624 8.033012 8.070528 8.192574 8.539413 8.957688 9.236822 9.401743 9.572783 9.674955 9.401911 8.960104 8.689823 8.548597 8.731614 9.268034 9.94658 10.59303 11.44818 12.45641 13.26274 13.61554 13.3112 12.45998 11.36252 10.27466 9.72302 9.643459 9.504154 9.363718 9.816305 10.69034 11.29254 11.55156 12.22933 13.2901 14.14571 14.52848 14.75153 14.91458 14.74685 13.99751 13.02668 12.13507 11.22684 10.04171 9.260597
11.62641 11.29458 10.51097 9.856405 9.639984 9.238729 8.490417 7.922863 7.959387 8.056897 7.836456 7.50843 7.526649 7.968275 8.571478 9.130576 9.034637 8.944234 8.748611 8.560205 8.651372 9.000392 9.351979 9.670315 10.00552 10.14521 9.920961 9.537397 9.092999 8.687939 8.642365 8.998125 9.499554 10.02376 10.82736 11.75999 12.35973 12.40218 11.75924 10.73651 9.804094 9.148213 9.125946 9.478052 9.380875 9.114667 9.499681 10.45541 11.15341 11.31997 11.95264 13.13496 14.4109 15.04668 15.06341 14.80421 14.41878 13.63441 12.44096 11.13794 10.04378 9.222897 8.878696
12.00906 11.80761 10.8838 10.04538 9.756825 9.25561 8.402752 7.795523 7.881672 8.09576 8.038428 7.849891 7.907081 8.297761 8.870715 9.378681 9.427232 9.134583 8.60561 8.145763 8.043461 8.229083 8.612871 9.156837 9.732204 10.02129 9.979684 9.669875 9.114847 8.53026 8.436169 8.81414 9.258692 9.684671 10.33336 10.95356 11.07352 10.72714 9.998816 9.174459 8.576144 8.299787 8.529125 8.982456 9.076046 8.886428 9.18461 10.05047 10.76487 10.78566 11.44885 12.61296 14.13636 14.96612 14.77146 14.07321 13.5154 12.99245 12.00261 10.58597 9.337437 8.772357 8.678507
12.03938 12.13576 11.51224 10.86047 10.6103 10.05895 9.061181 8.190319 7.963122 8.02457 8.06563 8.068736 8.184819 8.480441 8.953241 9.416115 9.501978 9.021442 8.260828 7.657103 7.414336 7.354752 7.670338 8.36111 9.10685 9.562332 9.769813 9.614607 8.97645 8.276363 8.184532 8.65468 9.166257 9.565481 10.01081 10.19786 9.775017 9.158098 8.602871 8.174101 7.890654 7.851959 8.138723 8.583097 8.863465 8.90889 9.150289 9.805605 10.53267 10.73226 11.01932 11.87756 13.3627 14.2518 14.03675 13.25572 12.73028 12.49056 11.84985 10.64598 9.46336 8.974648 8.809759
11.5655 11.82272 11.62674 11.37682 11.33171 11.01075 10.1575 9.152231 8.542849 8.306248 8.300597 8.359058 8.424408 8.570761 8.888994 9.261105 9.360885 8.932186 8.278612 7.757643 7.451697 7.216944 7.443396 8.125331 8.843975 9.358279 9.715828 9.651697 8.957167 8.202082 8.098881 8.593015 9.138807 9.528887 9.839745 9.780523 9.089102 8.332037 7.863089 7.633483 7.513422 7.65451 8.037836 8.481483 8.794249 8.96656 9.174776 9.640207 10.24328 10.40139 10.42866 11.01422 12.3208 13.17253 13.12673 12.58852 12.1972 12.06121 11.71221 10.93548 10.05239 9.586979 9.233395
