testdata.txt
ncols         259
nrows         215
xllcorner     119.17309570312
yllcorner     -3.4359215803324
cellsize      7.4985002999423e-05
NODATA_value  -9999
[rows 0 to 27 of 215, columns 63 to 125 of 259]
11.79335 11.49124 11.55807 11.44322 11.15464 11.26676 11.73256 11.78691 11.5101 11.34129 10.83204 9.885126 9.024608 8.686722 8.440263 8.012862 7.46279 7.028812 7.043886 7.244161 7.193815 6.773859 6.423475 6.286738 6.128069 6.000296 6.009951 6.107968 6.229321 6.289025 6.323243 6.381088 6.461855 6.506212 6.501257 6.503525 6.566409 6.674454 6.738591 6.701208 6.622062 6.610877 6.686746 6.77256 6.798343 6.747955 6.658053 6.543213 6.418132 6.310688 6.265714 6.279984 6.309887 6.302731 6.24533 6.252041 6.356778 6.465743 6.4979 6.455298 6.390942 6.3476 6.367176
11.86783 11.48359 11.51724 11.31245 10.91693 10.99634 11.47444 11.40786 11.06706 11.14586 10.91522 9.947016 8.912427 8.636329 8.744882 8.711546 8.393587 8.034367 7.989962 8.087346 7.992805 7.561996 7.230136 7.076952 6.566321 6.083057 5.894092 5.894109 5.943793 5.999345 6.108474 6.283066 6.462171 6.508801 6.488942 6.470987 6.512148 6.613043 6.690674 6.683192 6.623355 6.593708 6.611031 6.656703 6.692607 6.684598 6.633269 6.545456 6.43367 6.327427 6.288097 6.308004 6.323962 6.287616 6.22106 6.23251 6.330187 6.419079 6.42265 6.362869 6.294607 6.266609 6.325167
11.71282 11.24543 11.27595 11.13422 10.7739 10.78361 11.14695 10.93741 10.43085 10.4255 10.39219 9.703758 8.92024 8.954489 9.513622 9.817305 9.596236 9.133472 8.753385 8.449762 8.251761 7.945425 7.740905 7.536604 6.958475 6.199592 5.788914 5.695519 5.721195 5.773138 5.919106 6.17361 6.46219 6.500723 6.505569 6.50296 6.515543 6.562997 6.629172 6.671468 6.653834 6.593445 6.511687 6.484367 6.531151 6.598456 6.619367 6.580105 6.497484 6.407957 6.363662 6.370003 6.374978 6.354858 6.320318 6.328602 6.371484 6.40134 6.386695 6.325702 6.257738 6.233232 6.308706
11.97013 11.68738 11.75297 11.71138 11.45156 11.31857 11.36995 10.99109 10.34429 10.02623 9.856487 9.324446 8.888201 9.324087 10.37445 11.08257 11.04933 10.48833 9.613382 8.590432 8.15789 7.935916 7.878138 7.708813 7.094065 6.191553 5.682325 5.577089 5.624731 5.669215 5.772456 5.977844 6.220691 6.354033 6.457269 6.533281 6.56532 6.563651 6.595406 6.666037 6.674581 6.601373 6.473958 6.408123 6.456048 6.565105 6.633767 6.622101 6.564133 6.511756 6.476057 6.46111 6.43858 6.454205 6.474072 6.492426 6.478216 6.43848 6.388847 6.324638 6.275577 6.248456 6.308882
12.57085 12.78755 12.99262 13.05556 12.92569 12.67476 12.28453 11.58825 10.74821 10.05514 9.436759 8.726997 8.468771 9.220452 10.67875 11.88382 12.30535 11.94439 10.90784 9.510611 8.468946 7.969872 7.798781 7.528199 6.87318 6.064709 5.748185 5.778719 5.833006 5.784136 5.728064 5.792848 5.951809 6.115653 6.311204 6.522015 6.655825 6.625926 6.577527 6.597245 6.619455 6.572971 6.486986 6.44642 6.498268 6.614925 6.707597 6.694737 6.621835 6.573364 6.537905 6.485734 6.450329 6.502323 6.585249 6.624774 6.5865 6.499803 6.403715 6.325127 6.290951 6.301972 6.348788
12.80922 13.45513 13.91212 14.19666 14.28641 14.0459 13.24574 12.02884 10.80547 9.823585 8.855463 7.982064 7.789061 8.70892 10.33054 11.85747 12.73989 12.79052 12.03055 10.71521 9.390564 8.436928 7.837104 7.308167 6.681217 6.224965 6.362761 6.602782 6.541884 6.21562 5.794631 5.600897 5.622757 5.768876 6.055068 6.450512 6.765606 6.692913 6.528913 6.472661 6.494806 6.484087 6.452955 6.468915 6.56756 6.728331 6.87644 6.847806 6.679293 6.527132 6.468101 6.4361 6.435772 6.520508 6.638153 6.695852 6.649716 6.537899 6.417616 6.351609 6.359677 6.413145 6.458054
12.73614 13.45118 14.00045 14.439 14.74033 14.64643 13.71919 12.24618 10.86346 9.838434 8.705645 7.701925 7.486775 8.396182 9.911415 11.44757 12.54368 12.93545 12.61174 11.82276 10.76834 9.546806 8.349216 7.470783 6.961573 6.97187 7.512554 7.794086 7.469824 6.843028 5.930666 5.424182 5.287025 5.396868 5.733944 6.25729 6.771467 6.60553 6.365853 6.26966 6.301826 6.338978 6.370592 6.474773 6.664141 6.876173 7.036304 6.940815 6.63693 6.378316 6.326297 6.371016 6.437802 6.532007 6.637637 6.682198 6.616171 6.496271 6.365278 6.320573 6.371871 6.459215 6.517196
12.40001 13.03392 13.51776 13.95786 14.3731 14.49217 13.77983 12.54045 11.36835 10.4305 9.233787 8.13616 7.785971 8.459797 9.73394 11.09513 12.12911 12.60066 12.53457 12.31906 11.92099 10.98135 9.503708 8.205816 7.643427 7.934944 8.641832 8.73639 7.998474 6.964409 6.021756 5.469046 5.242346 5.228946 5.414649 5.757126 6.091457 6.10906 6.02191 6.013616 6.109017 6.236272 6.385273 6.604769 6.833547 6.943287 6.950924 6.739819 6.393034 6.165562 6.198528 6.343544 6.476622 6.547731 6.607635 6.626004 6.512099 6.36939 6.251194 6.244869 6.343151 6.442911 6.49139
11.80847 12.45134 12.86506 13.2539 13.71546 14.01872 13.66947 12.8756 11.9649 10.98826 9.770132 8.725683 8.283791 8.631773 9.68416 10.83319 11.64153 11.99583 11.97086 12.0477 12.24984 12.00417 10.76358 9.262833 8.438913 8.644606 9.365302 9.326196 8.362226 7.187897 6.379641 5.998938 5.802577 5.592023 5.416553 5.344768 5.388183 5.475964 5.597136 5.76851 5.993129 6.250463 6.55978 6.870779 7.017746 6.803764 6.524611 6.222924 5.98326 5.943989 6.112678 6.345943 6.545033 6.545941 6.561051 6.609578 6.451074 6.292621 6.174145 6.20631 6.357835 6.420583 6.428391
11.08793 11.73233 12.14712 12.60806 13.1764 13.57854 13.44487 12.78502 11.74609 10.51287 9.343925 8.566842 8.27204 8.500896 9.424824 10.34841 10.91306 11.21461 11.29852 11.42832 11.79749 12.05671 11.34665 10.1107 9.198809 9.09326 9.893589 10.04173 9.167665 7.867547 7.051961 6.874689 6.894446 6.641168 6.110856 5.503446 5.083871 5.02923 5.248814 5.591129 5.971419 6.2946 6.659674 6.938581 6.952289 6.373388 5.922385 5.678285 5.630334 5.767035 5.99599 6.251196 6.550146 6.428776 6.448561 6.544933 6.528499 6.417693 6.253596 6.246245 6.418365 6.388783 6.365047
10.40347 11.04316 11.59298 12.26932 13.00259 13.45188 13.36728 12.58902 11.3084 9.944189 8.801624 7.965151 7.547427 7.769531 8.724706 9.597918 10.09533 10.44344 10.67877 10.71614 10.91068 11.26128 10.88448 10.14314 9.659618 9.77266 10.49575 10.88681 10.2858 8.881287 7.817945 7.633969 7.941088 8.025925 7.559055 6.681245 5.799163 5.371797 5.401879 5.701153 6.103655 6.147053 6.255156 6.290417 6.057455 5.530859 5.218442 5.202021 5.380345 5.605665 5.727428 5.766427 5.868806 6.022761 6.403529 6.789807 6.978328 6.925585 6.614506 6.312774 6.164819 6.100331 6.170177
9.968563 10.6039 11.27505 12.10229 12.90991 13.3182 13.13278 12.19338 10.89711 9.786888 8.779866 7.606547 6.676186 6.687448 7.613182 8.604298 9.250457 9.617668 9.991799 9.958096 10.00612 10.33778 10.13991 9.826698 9.859076 10.31783 11.09785 11.67681 11.34252 9.958595 8.620131 8.234407 8.666412 9.14557 9.150644 8.498827 7.535351 6.828202 6.547702 6.538678 6.732935 5.904111 5.44743 5.200779 4.924213 4.628462 4.625662 4.941479 5.384424 5.675103 5.598314 5.299622 5.211656 5.653696 6.523983 7.25424 7.573429 7.523746 7.087919 6.501649 5.965528 5.72125 5.868324
9.7355 10.29149 10.91691 11.73231 12.50255 12.79545 12.4371 11.42352 10.33075 9.659119 8.912079 7.553244 6.183705 5.846096 6.567126 7.7054 8.69289 9.283968 9.547131 9.494072 9.60705 10.05063 10.09846 10.06717 10.34436 10.97348 11.77214 12.35822 12.13631 10.91348 9.549482 9.023291 9.414092 10.0879 10.44153 10.18656 9.465698 8.716064 8.281848 7.742825 6.923408 5.670871 4.789095 4.29762 4.032434 3.98728 4.353533 5.061643 5.836869 6.293763 6.080238 5.377707 4.978312 5.556999 6.790699 7.713566 7.978416 7.83731 7.431786 6.924647 6.236861 5.75559 5.784168
9.359873 9.635032 10.08206 10.9032 11.73257 11.9835 11.53931 10.53936 9.562084 9.013153 8.386027 7.228419 6.091856 5.834451 6.385677 7.477225 8.658268 9.487471 9.851334 9.950491 10.17274 10.61977 10.85787 11.01735 11.30619 11.79057 12.40783 12.81698 12.54665 11.5132 10.4538 10.10766 10.50394 11.15348 11.47106 11.24726 10.50891 9.643461 9.513992 9.151853 8.119745 6.600913 5.326651 4.444104 3.945767 3.917932 4.559362 5.637986 6.786555 7.581558 7.465444 6.439059 5.555742 5.901076 7.129185 8.013892 8.125559 7.9252 7.866241 7.783357 7.386617 6.834279 6.574227
8.892492 8.781061 9.004436 9.860533 10.84655 11.19559 10.77591 9.851995 8.969271 8.449392 7.937047 7.238473 6.801612 7.026017 7.449425 8.112757 9.117181 10.23888 10.97392 11.31088 11.42847 11.47535 11.53894 11.78726 12.10482 12.30023 12.46544 12.4084 11.86396 10.94927 10.39698 10.54827 11.11263 11.7774 12.08361 11.82616 10.90718 9.65591 10.00852 10.22647 9.752895 8.616221 7.384058 6.200882 5.266555 4.855917 5.383363 6.577467 7.971032 9.108591 9.241697 8.148857 6.860361 6.625361 7.343383 7.967087 8.054111 7.986617 8.304438 8.728971 8.853185 8.555621 8.125007
8.845787 8.384338 8.389069 9.210264 10.28019 10.72215 10.30561 9.475865 8.808466 8.512915 8.258272 8.02758 8.202356 8.812271 9.036937 8.980652 9.390207 10.51975 11.51269 12.07464 12.15161 11.86512 11.65895 11.96908 12.40572 12.34555 11.96328 11.36207 10.54009 9.734362 9.579151 10.22627 10.93097 11.66706 12.19548 12.23996 11.67827 10.89982 11.00588 11.32417 11.25486 10.60231 9.700888 8.542595 7.492262 6.71815 6.83974 7.785072 9.107942 10.21599 10.41395 9.503098 8.270212 7.579793 7.543597 7.764371 7.943062 8.087735 8.635148 9.251045 9.713891 9.848127 9.713816
9.296939 8.699639 8.597459 9.339714 10.39338 10.89066 10.49058 9.768181 9.325891 9.282444 9.275495 9.231103 9.445633 9.881054 9.897081 9.318697 9.08352 9.745159 10.52277 11.20065 11.59488 11.56567 11.43986 11.81016 12.2293 11.90524 11.1326 10.31779 9.594846 9.107405 9.285097 9.80289 10.30842 10.98884 11.75094 12.22602 12.24984 12.09468 12.2954 12.54468 12.41424 11.80755 11.06827 10.11595 9.625399 8.978252 8.705271 9.053498 9.83039 10.49947 10.45254 9.782759 9.151772 8.546624 7.972444 7.780494 8.007396 8.377658 8.774962 9.202959 9.665092 10.06318 10.35607
9.731274 9.232771 9.270298 10.09157 11.23217 11.94169 11.82811 11.28668 10.79717 10.55508 10.41904 10.07109 9.695634 9.577324 9.42391 9.009541 8.684553 8.768703 9.001558 9.624011 10.47265 11.07601 11.37188 11.67296 11.64007 10.8692 9.990654 9.503313 9.333721 9.239758 9.354584 9.500134 9.685429 10.1601 10.87559 11.48846 11.89836 12.30758 12.91377 13.40154 13.3417 12.65928 11.86484 11.34759 11.27083 11.00947 10.5124 10.13977 10.1389 10.28234 9.93273 9.302302 9.425035 9.332845 8.711987 8.162103 8.084221 8.341404 8.596503 8.929403 9.342839 9.693269 9.967166
9.953806 9.685259 10.11735 11.1962 12.4571 13.36961 13.62622 13.37744 12.90772 12.43264 11.9432 10.9443 9.650223 8.775569 8.541897 8.563087 8.502851 8.306567 8.203744 8.74834 9.807165 10.74316 11.23215 11.25698 10.64828 9.5233 8.809818 8.830585 9.20944 9.428424 9.449748 9.361372 9.344702 9.580205 10.05366 10.50588 10.97512 11.68197 12.67213 13.58461 13.87602 13.31933 12.44055 12.0654 12.24659 12.23155 11.64765 10.85924 10.38319 10.25024 9.848125 9.450644 9.686277 10.02955 9.653827 8.805946 8.155827 8.06804 8.258165 8.647908 9.046909 9.209785 9.200943
9.808066 9.877089 10.7709 12.07725 13.33451 14.28741 14.78787 14.88839 14.74725 14.41209 13.61052 11.92616 9.876253 8.497454 8.151749 8.368384 8.518682 8.371153 8.320509 8.866318 9.892392 10.81981 11.20928 10.90322 9.928749 8.739791 8.278996 8.565972 9.087654 9.386706 9.448321 9.313925 9.153924 9.197588 9.511026 9.801084 10.14979 10.83573 11.94445 13.11417 13.68461 13.28443 12.42477 12.09978 12.35174 12.42758 11.95836 11.19335 10.60723 10.31316 9.83408 9.494898 9.800475 10.40233 10.19046 9.186901 8.17824 7.832074 7.979031 8.391211 8.725079 8.679272 8.360714
9.344578 9.814162 11.03983 12.37795 13.44397 14.23634 14.75526 15.10505 15.4278 15.49528 14.49534 12.34205 10.03058 8.677864 8.27367 8.378468 8.534212 8.581147 8.71439 9.201784 10.05535 10.93032 11.28197 10.93731 10.04951 9.11046 8.792882 8.937337 9.163399 9.302872 9.427157 9.260468 8.920672 8.841698 9.150216 9.43853 9.673241 10.18496 11.16055 12.27515 12.81147 12.39918 11.6552 11.45299 11.77389 11.98281 11.80603 11.28258 10.70927 10.24462 9.657143 9.388298 9.74316 10.22249 9.815542 8.830011 7.990624 7.734774 7.866785 8.17486 8.401312 8.364924 8.235596
8.99838 9.768682 11.14457 12.38981 13.1834 13.6817 14.02731 14.37487 14.85026 15.04233 13.83033 11.50623 9.420883 8.552012 8.317392 8.338001 8.473356 8.710449 8.783273 8.875274 9.35659 10.23393 10.85156 10.96913 10.65475 10.1736 9.857512 9.642218 9.469225 9.409705 9.474531 9.220311 8.796442 8.711014 8.951328 9.124205 9.247429 9.65407 10.4464 11.40025 11.81112 11.40409 10.92407 10.93085 11.32347 11.65689 11.70588 11.3166 10.7166 10.18819 9.642708 9.425559 9.580269 9.508476 8.673666 7.809102 7.450358 7.607523 7.865743 8.052794 8.188102 8.294584 8.393056
9.278854 10.12883 11.48152 12.62528 13.22646 13.46733 13.65314 13.8776 14.1617 14.10674 12.7707 10.59239 8.931955 8.567883 8.581783 8.640137 8.762152 9.105474 8.933702 8.46461 8.492563 9.347793 10.19454 10.66846 10.79999 10.72594 10.46104 10.03297 9.654801 9.547361 9.62997 9.423016 9.058359 8.94979 8.998253 8.946288 8.899887 9.153787 9.72139 10.51158 10.81583 10.53988 10.46076 10.69853 11.07417 11.41835 11.59064 11.31862 10.78804 10.3459 9.914492 9.606336 9.372417 8.636147 7.481546 6.771145 6.870115 7.452576 7.912687 7.994708 8.034851 8.295013 8.624409
9.72613 10.52701 11.79304 12.84052 13.32533 13.45531 13.67643 13.88596 13.92074 13.51951 12.19958 10.36441 9.158155 9.18361 9.43716 9.537558 9.726629 10.10775 9.762887 8.875662 8.490824 9.174465 9.912022 10.18195 10.18593 10.27602 10.24489 9.968672 9.66434 9.60005 9.783552 9.682276 9.363435 9.146734 9.039929 8.877954 8.714265 8.783163 9.196381 9.732359 9.949114 9.878916 10.10858 10.37647 10.54019 10.78213 11.03044 10.93911 10.65166 10.48751 10.23982 9.71539 9.14996 7.962892 6.723728 6.184162 6.491806 7.2476 7.91347 7.940021 7.923415 8.204913 8.60177
9.724627 10.44323 11.63218 12.5563 12.92529 13.07685 13.52862 13.8952 13.80134 13.14839 11.94327 10.54014 9.807243 10.18539 10.74208 10.95807 11.0672 11.28796 10.94221 10.01603 9.425877 9.797178 10.18037 9.909306 9.416946 9.430763 9.709712 9.823153 9.757574 9.755043 9.82826 9.625105 9.179802 8.822094 8.725812 8.723623 8.655422 8.583063 8.751236 9.054445 9.304588 9.51156 9.805559 9.80721 9.545467 9.58517 9.880418 9.999862 10.04073 10.25303 10.29374 9.811329 8.871469 7.570821 6.536299 6.161015 6.376579 6.961396 7.813514 7.786071 7.835315 8.038999 8.272211
9.365956 9.918994 10.98267 11.76079 12.0201 12.24391 12.9593 13.49862 13.27177 12.34136 11.24497 10.31247 10.05907 10.7256 11.59193 11.91571 11.75713 11.56462 11.27337 10.71033 10.30416 10.4678 10.61653 10.17959 9.531773 9.418041 9.784197 10.07352 10.06117 9.898744 9.674086 9.168774 8.518768 8.121208 8.141033 8.466766 8.754597 8.744104 8.601355 8.649492 9.045898 9.608852 9.818851 9.479656 8.705324 8.418442 8.684736 8.939193 9.181097 9.523439 9.589852 9.080284 8.167942 7.261324 6.758815 6.615392 6.546188 6.521146 6.908983 7.278377 7.698905 7.977942 8.015691
9.005625 9.361717 10.21211 10.85518 11.1152 11.50695 12.50725 13.23273 12.88715 11.62565 10.47035 9.783237 9.799717 10.59678 11.67109 12.12909 11.83806 11.36294 11.13188 10.9768 10.89216 11.01859 11.19143 11.07903 10.7657 10.63839 10.82956 10.87415 10.56723 10.09476 9.623147 8.966697 8.319654 8.076502 8.250662 8.834047 9.455112 9.638823 9.394796 9.265051 9.626823 10.28527 10.49128 9.78278 8.59915 8.014542 8.231075 8.4519 8.689784 8.882904 8.81151 8.456369 7.992092 7.7005 7.77707 7.850563 7.424612 6.682155 6.545529 6.977143 7.633709 8.043486 7.970641
8.880276 9.15373 9.842119 10.40852 10.75211 11.35131 12.58357 13.44279 13.06136 11.63315 10.32693 9.568971 9.539295 10.27266 11.37038 11.95305 11.735 11.17929 10.91965 10.97148 11.15536 11.39062 11.73367 12.08143 12.22665 12.1455 12.12059 11.85411 11.21649 10.47494 9.973047 9.527388 9.220151 9.279675 9.580753 10.23115 10.92864 11.15559 10.85596 10.47154 10.44674 10.781 10.8365 9.999214 8.733327 8.139946 8.51701 8.598764 8.806959 8.845098 8.722775 8.702593 8.75565 8.867756 9.207069 9.283079 8.513754 7.326383 6.793903 7.037142 7.657129 8.124634 8.071605
